0 0 0 1.1
0 15 0 1.1
0 30 0 1.1
0 45 0 1.1
15 0 0 1.1
15 15 0 1.1
15 30 0 1.1
15 45 0 1.1
30 0 0 1.1
30 15 0 1.1
30 30 0 1.1
30 45 0 1.1
45 0 0 1.1
45 15 0 1.1
45 30 0 1.1
45 45 0 1.1
60 0 0 1.1
60 15 0 1.1
60 30 0 1.1
60 45 0 1.1
75 0 0 1.1
75 15 0 1.1
75 30 0 1.1
75 45 0 1.1
90 0 0 1.1
90 15 0 1.1
90 30 0 1.1
90 45 0 1.1
105 0 0 1.1
105 15 0 1.1
105 30 0 1.1
105 45 0 1.1
120 0 0 1.1
120 15 0 1.1
120 30 0 1.1
120 45 0 1.1
135 0 0 1.1
135 15 0 1.1
135 30 0 1.1
135 45 0 1.1
150 0 0 1.1
150 15 0 1.1
150 30 0 1.1
150 45 0 1.1
165 0 0 1.1
165 15 0 1.1
165 30 0 1.1
165 45 0 1.1
180 0 0 1.1
180 15 0 1.1
180 30 0 1.1
180 45 0 1.1
195 0 0 1.1
195 15 0 1.1
195 30 0 1.1
195 45 0 1.1
210 0 0 1.1
210 15 0 1.1
210 30 0 1.1
210 45 0 1.1
225 0 0 1.1
225 15 0 1.1
225 30 0 1.1
225 45 0 1.1
240 0 0 1.1
240 15 0 1.1
240 30 0 1.1
240 45 0 1.1
255 0 0 1.1
255 15 0 1.1
255 30 0 1.1
255 45 0 1.1
270 0 0 1.1
270 15 0 1.1
270 30 0 1.1
270 45 0 1.1
285 0 0 1.1
285 15 0 1.1
285 30 0 1.1
285 45 0 1.1
300 0 0 1.1
300 15 0 1.1
300 30 0 1.1
300 45 0 1.1
315 0 0 1.1
315 15 0 1.1
315 30 0 1.1
315 45 0 1.1
330 0 0 1.1
330 15 0 1.1
330 30 0 1.1
330 45 0 1.1
345 0 0 1.1
345 15 0 1.1
345 30 0 1.1
345 45 0 1.1
